286 
38 39 41 48 110 1715 1991 3182 
32 36 38 39 48 60 150 201 255 282 310 334 725 816 916 1013 1111 1183 1198 1478 1578 1699 1791 1842 1882 1903 1938 2099 2480 2505 2647 2877 3183 3184 3185 3186 3187 3188 3189 3190 3191 3192 3193 
39 65 1146 1986 3194 
3195 3196 3197 
38 39 41 110 350 438 1840 2203 3198 
34 48 256 334 856 1016 1017 2358 3199 3200 3201 3202 
38 39 48 156 170 1470 3203 
65 1307 1541 1896 3204 3205 3206 3207 3208 
3209 3210 3211 3212 
32 41 48 147 179 479 622 1085 1284 1677 1897 2654 2910 2998 3213 3214 3215 3216 3217 
147 1011 1174 3218 3219 3220 3221 3222 3223 
23 32 39 213 310 1062 1776 2599 2669 3224 
39 41 1171 
213 264 272 589 1333 2652 
32 39 41 48 79 147 225 359 664 766 1344 1659 1680 1681 1733 2706 3225 3226 3227 3228 3229 3230 
38 41 48 170 
23 39 48 117 1249 
43 749 1822 3231 3232 
32 39 2749 
147 441 885 1327 1761 1765 2290 2635 3233 3234 3235 3236 3237 
2054 
824 2091 3009 3238 
65 220 545 571 713 939 1031 1417 
39 79 117 283 338 497 677 803 976 1121 1249 1376 1501 1867 1947 2187 2355 2556 2638 3173 3195 3239 3240 
1775 3241 3242 
39 48 1738 
23 32 38 39 47 48 77 90 255 381 578 1090 1444 1593 1744 2147 2832 3243 3244 3245 3246 3247 
61 597 2225 3248 
39 48 552 644 1250 1381 2867 3249 3250 3251 3252 3253 3254 
6 129 3255 
32 36 38 39 48 89 147 167 170 305 306 307 308 309 751 907 1080 1144 1361 1380 3021 3134 3256 3257 3258 3259 3260 3261 
39 41 48 488 1537 3262 3263 3264 3265 
523 1022 1115 1237 2350 2514 2524 3266 3267 
39 1282 2725 3268 3269 3270 
39 41 48 703 1051 1779 1966 2773 3001 3271 3272 
38 39 41 48 79 89 153 170 402 1698 1928 3273 
38 39 41 110 438 2489 2569 2661 3274 3275 
18 32 48 76 511 621 703 1016 1051 2056 2394 3276 3277 3278 
39 334 
39 48 117 488 550 976 1140 1450 2042 
39 2893 3279 
35 38 39 41 48 110 179 924 1253 1327 2098 2802 3217 3280 3281 
39 41 3282 3283 
36 41 65 105 1112 1612 1628 1875 3284 
32 39 48 65 123 269 308 309 576 734 1213 1327 1378 1379 1410 1524 1565 1678 1971 2465 2616 2665 3072 3285 3286 3287 3288 3289 3290 3291 3292 3293 3294 3295 3296 
48 101 201 310 352 418 1265 1562 1859 2464 3102 3279 3297 3298 3299 3300 3301 3302 
3303 3304 3305 3306 
38 39 44 48 170 235 249 334 727 751 2661 3307 
48 65 94 155 540 664 715 793 795 1393 1417 1818 1819 3144 3219 3308 3309 3310 3311 3312 3313 
39 3284 3314 
48 185 234 375 378 521 589 931 1486 2110 2138 2417 2820 3093 3315 
32 39 41 127 826 1428 2184 2982 3316 3317 3318 3319 3320 3321 3322 
32 39 479 1776 2880 3323 3324 
41 
38 286 2086 2238 3325 3326 3327 3328 3329 
38 48 84 110 189 995 1557 1655 1814 2199 2572 2730 2894 2929 3330 3331 
438 1435 2894 3332 
41 48 475 788 1739 1872 2117 2492 2891 3292 3333 3334 3335 
48 441 809 885 
38 39 48 75 89 371 828 915 1305 1575 1831 2707 2998 3292 3336 3337 3338 3339 3340 3341 3342 3343 
200 783 916 3344 3345 3346 3347 
1286 2004 
31 39 48 101 147 164 165 225 510 743 793 885 1783 2276 2381 2440 2501 2519 2523 2880 2902 3055 3083 3348 3349 3350 3351 3352 3353 3354 
38 110 162 606 784 1440 1714 1864 1865 2115 2383 3355 3356 3357 3358 3359 
39 48 61 337 1055 2343 
32 39 41 48 101 468 626 1233 2015 2201 2775 2836 
10 31 
32 41 3360 
32 38 371 3361 
31 32 41 433 434 
39 41 
48 577 855 916 1081 2079 2137 2379 2402 3307 3342 3362 3363 3364 3365 3366 3367 
10 48 519 723 1404 1618 1658 1696 1956 2002 2329 2493 2611 2638 3219 3368 3369 3370 3371 
9 41 48 66 406 578 622 766 861 939 1109 1121 1160 1178 1192 1425 1575 2842 3372 3373 
37 38 433 438 803 1198 1723 1991 2247 2712 
1255 2518 3374 
32 48 208 1600 2343 3375 
3376 3377 3378 3379 
39 41 585 789 1563 1889 3380 
354 356 1223 1498 
15 39 264 446 2621 3254 3381 3382 3383 3384 
38 110 
156 1588 1698 2649 3179 3385 
39 41 48 67 77 352 399 703 1209 1277 1859 2505 3386 3387 3388 
41 48 407 408 643 3353 3389 
39 48 141 445 960 1408 1940 3276 3390 
39 48 79 224 381 438 862 1518 1825 1833 1956 2165 2429 2958 3391 3392 3393 
12 438 606 2225 2833 3394 
39 41 45 48 147 186 681 859 1072 1393 1412 1435 1624 2080 2716 
39 66 479 2076 2356 3395 3396 3397 3398 3399 3400 3401 
426 3402 3403 
39 41 48 174 193 232 282 373 564 673 704 809 921 1072 1128 1294 1437 1593 1697 1767 1971 1999 2212 2323 2383 2424 2673 2853 3080 3404 3405 3406 3407 3408 3409 
39 41 48 89 179 271 314 359 438 706 987 1004 1020 1197 1229 1327 1593 1715 1866 1938 2329 2574 2786 3250 3347 3410 3411 
32 39 41 48 201 365 1010 1578 2362 2429 3323 
9 48 310 408 424 798 812 1938 2942 2987 3412 
548 1994 2438 
38 39 41 48 441 1060 1859 2567 2630 2805 2958 3413 
48 335 522 526 1164 1524 2350 3414 3415 3416 3417 3418 3419 
161 662 1588 2362 
39 41 48 264 352 677 1352 1710 2314 3420 3421 3422 
39 48 51 255 381 1387 1966 2375 3423 3424 3425 3426 3427 3428 3429 3430 3431 3432 3433 
36 38 39 41 110 495 1463 1464 
39 2184 
32 39 48 696 
39 1714 2054 3434 
38 110 
41 48 76 623 2833 3435 
48 49 65 116 117 537 808 809 1698 2526 3436 
39 48 128 200 340 359 381 533 560 585 727 772 865 1130 1206 1555 1627 1725 2015 2343 2440 2535 2775 2942 2990 3437 3438 3439 3440 3441 3442 
39 48 49 60 749 2630 3443 3444 3445 3446 3447 3448 
32 48 237 255 350 740 993 1417 1999 2343 2370 2701 3185 3449 
136 399 438 681 763 772 807 1435 2299 2315 2799 3086 3165 3450 3451 
32 48 
39 1327 3279 3452 
22 38 41 48 107 110 170 475 653 753 1163 1539 2118 2122 2492 2900 3453 
39 48 137 156 272 549 589 1058 1784 2132 2389 2428 2592 2709 3454 3455 3456 3457 3458 
36 38 39 41 225 337 885 1027 
32 38 39 41 48 370 604 740 785 
39 48 1239 1897 3459 
39 48 478 1349 3236 
74 3406 
39 
39 45 48 117 348 352 570 976 1014 1309 1964 2384 2464 2537 2786 3307 3460 3461 3462 3463 
39 283 1564 1853 2374 2624 3464 3465 3466 3467 3468 3469 
39 48 349 424 679 851 3470 3471 3472 
38 170 259 438 647 903 931 1371 1739 2060 3019 
94 1233 1372 1765 2425 2528 3297 3473 3474 3475 
38 39 41 48 107 136 147 170 261 272 467 548 610 611 751 789 919 973 1309 1361 1611 2011 2464 2519 2985 3476 3477 3478 3479 3480 3481 
1903 2988 3482 3483 3484 
32 38 39 41 225 1203 2805 2823 2920 2951 3195 3485 3486 3487 3488 3489 3490 
32 39 48 1020 2589 3058 3343 3491 3492 3493 3494 
38 170 2110 3495 
32 38 39 41 48 286 1727 1814 
38 41 110 341 362 397 488 855 1682 1980 3064 3102 3464 3467 3496 3497 3498 3499 
39 41 45 48 107 108 180 475 2117 2118 2431 3150 3500 3501 
37 38 39 41 570 
1756 2740 
32 39 589 612 1013 1333 1593 2428 
39 41 48 727 1249 1996 2380 2552 2665 3502 3503 
32 48 211 274 278 432 475 941 1229 2297 2599 3504 
38 39 41 110 1631 
39 48 1173 
39 48 3505 
39 48 940 1196 3450 3506 3507 3508 3509 
598 878 1962 
32 41 1327 
32 39 48 179 2285 2741 3505 
32 
39 41 48 255 475 489 521 587 817 2186 2238 2663 2800 3472 3510 3511 3512 3513 
36 38 39 279 685 1382 1600 2187 2492 2674 3345 3514 
38 41 2805 
39 563 1327 3515 3516 
32 38 39 170 301 
225 265 347 490 1312 1387 2324 2965 2977 3237 3517 3518 3519 3520 3521 3522 
38 39 110 
38 39 170 3394 3523 3524 
39 48 
48 255 342 438 619 1715 2327 2802 2842 3525 3526 3527 3528 3529 3530 3531 
36 38 39 48 887 2481 3532 
2805 
32 36 38 39 41 151 225 1938 2076 2096 2907 
39 1433 3533 3534 
39 1546 3402 3535 3536 3537 
36 38 39 41 288 573 589 1433 2868 3538 3539 3540 3541 
39 48 340 402 3316 3542 
3543 
32 48 60 2718 3544 
32 38 39 41 48 170 310 311 313 449 1229 1870 3545 
39 41 48 153 441 1754 3546 
41 48 533 1638 2657 2951 3250 3547 3548 
38 39 104 170 464 565 581 740 914 2437 2879 
39 48 255 1841 2523 3347 3549 
32 
39 41 48 207 246 328 669 677 899 1248 1678 1738 1976 2420 3550 
39 41 186 673 677 1251 1314 1344 1871 2013 
48 3317 3551 
39 41 48 237 491 1250 2053 2403 3018 3552 
39 41 48 1315 2998 3553 
2 475 938 1013 1493 1546 1585 1677 1702 2154 2344 3554 3555 3556 
48 381 1393 2284 2505 
12 38 39 170 1673 1996 3312 3557 
38 39 41 110 626 1327 2673 3558 
36 37 38 41 48 255 286 504 715 717 1552 2638 2975 3559 
38 3005 
1147 1680 3226 
39 60 824 1113 1407 1886 2343 2650 
32 38 39 41 110 504 606 1034 2165 2743 
39 3560 3561 
32 3562 3563 
39 48 438 1435 
39 41 438 824 3564 
39 48 49 1025 1859 2408 3194 3565 
339 560 761 
39 48 156 460 1537 3566 3567 3568 
52 940 941 1497 1938 2633 
41 101 141 204 374 480 690 1014 1072 1256 1349 1435 1885 2403 3252 3569 
39 41 48 60 95 408 460 611 662 751 989 1704 2011 2141 2715 3570 3571 3572 
38 39 48 105 855 978 1260 1277 2726 2846 3573 3574 
2866 3575 
48 89 3451 
104 171 2553 3299 3576 
15 32 38 41 48 65 433 464 501 560 640 650 695 1198 1294 1598 1758 2187 2544 2649 3028 3410 3577 3578 3579 3580 
39 41 1638 1692 1704 3042 3581 
19 32 39 48 95 128 185 250 310 374 420 516 603 604 785 1855 3582 
39 48 1004 1196 1327 1361 1431 2714 3583 
38 39 48 56 824 1249 3584 
39 41 310 
3548 
32 39 48 555 2640 2676 3585 3586 3587 3588 3589 
39 41 237 262 1786 
184 880 906 1984 3590 3591 3592 
499 1088 1479 1876 2222 3347 3593 3594 
39 48 205 2958 3595 
38 39 48 371 489 643 806 1355 1842 2983 2991 3093 3274 3596 
23 48 1517 2245 2343 3597 3598 
39 379 
32 39 48 438 676 2894 3098 3599 3600 
39 310 740 2064 
36 38 39 41 
32 38 41 574 790 1938 2338 2511 3601 
39 48 256 721 794 1206 
37 38 39 271 349 
38 110 449 561 1153 1154 1327 1385 1870 
2912 3602 
39 2098 3603 
38 39 48 55 544 2124 3438 3602 3604 
38 110 548 
32 39 41 48 76 246 270 637 866 1781 3516 3605 3606 3607 3608 3609 3610 
19 39 278 413 1274 1410 2187 3611 3612 
36 38 39 41 48 1897 2198 2344 3096 3178 3613 3614 
38 39 41 48 225 281 1135 1146 1344 1882 3615 3616 
138 251 475 2457 2802 3517 
1832 1892 
32 38 39 41 103 119 225 271 286 389 508 664 750 1198 1243 1938 2362 2477 3159 3617 3618 3619 
772 916 
36 38 40 234 249 505 790 2058 
36 38 39 78 438 1883 
39 48 338 398 1002 2567 2844 2965 
916 2350 3212 3276 3361 3620 3621 3622 3623 
39 41 48 107 279 350 529 548 610 1294 1578 3624 3625 3626 
1552 3627 
41 255 3062 3628 
39 41 48 606 1094 1327 2471 
41 1853 2279 
48 3629 
647 1034 3630 3631 
39 1103 1291 2091 2879 3632 3633 
39 41 48 229 764 783 798 1121 1372 2431 2464 2505 2633 2708 3279 3323 3364 3428 3462 3475 3634 3635 3636 3637 3638 3639 3640 3641 
37 38 48 117 286 1144 1938 2250 2316 2457 2602 3598 3642 3643 3644 3645 3646 3647 
438 2697 3648 
32 48 755 1240 1516 1537 1994 2189 2191 2874 2958 3649 
39 48 174 285 374 396 751 1353 3650 3651 3652 
39 41 48 117 260 305 476 894 976 1249 1578 1938 3148 3241 3256 3258 
36 38 39 179 301 374 1814 2098 3653 
38 39 370 
3654 
606 1552 2475 3655 
3656 3657 3658 
32 39 48 
36 38 237 338 913 2325 2894 3659 3660 
37 38 823 
41 250 276 
270 271 853 1147 1233 2425 3661 
38 39 41 55 189 371 1481 3549 3662 3663 3664 
39 41 48 301 349 3665 
501 922 2775 3310 
39 211 
39 41 2198 2566 2728 3521 3666 3667 3668 
37 38 237 2066 
39 48 
39 
39 48 117 352 449 591 695 751 905 976 991 1249 
38 42 281 840 1938 3005 
76 98 532 1716 1807 1917 3669 3670 3671 3672 3673 3674 
38 48 105 246 645 1393 1833 3091 3675 3676 3677 3678 
3679 
3680 
39 48 543 570 848 2469 3047 
15 39 622 677 809 959 1595 3681 3682 3683 
271 1144 1733 2440 
36 39 41 95 96 500 875 1052 1264 1282 1288 1360 1853 1899 2310 2322 2763 3614 3684 
740 793 1381 3416 
1853 2556 
38 39 48 49 371 539 540 1223 1916 2412 3261 3685 3686 
32 37 38 39 48 463 1139 1148 1174 1327 1352 2006 2740 2776 3001 3687 3688 3689 3690 
39 41 89 
39 760 909 1659 
301 310 381 749 958 1437 1824 1848 1867 1999 2365 2708 3691 3692 3693 3694 3695 3696 3697 3698 3699 3700 3701 3702 
12 48 117 237 475 824 856 2545 2593 2983 3703 
32 48 208 408 2065 2922 3704 
9 48 66 94 201 222 338 824 1096 1461 1626 1680 1681 1853 1859 2230 2231 2344 2633 2969 3334 3625 3664 3705 3706 3707 3708 
3057 3709 3710 
127 583 3711 
38 48 89 557 623 840 1552 1704 3057 3712 3713 
32 38 39 48 237 371 431 438 570 578 603 713 961 1067 1130 2554 3714 3715 
26 48 107 124 207 237 259 301 381 610 640 703 727 772 812 849 1052 1067 1089 1121 1621 2437 2492 3219 3270 3369 3573 3716 3717 3718 3719 3720 3721 3722 3723 3724 3725 
39 498 2404 
2 1115 1119 1561 1566 2747 3726 3727 3728 3729 3730 3731 3732 
38 39 41 48 110 165 374 785 824 1905 2060 2958 3055 3733 
41 420 1349 2091 2350 3734 
39 41 128 310 334 652 785 2184 2201 2771 3009 3735 3736 
9 19 39 368 420 1696 3195 3279 3737 3738 
38 806 840 1578 2406 
15 39 41 45 237 287 434 604 755 1198 1209 1479 1638 
41 141 340 3452 3721 3739 3740 
39 86 1598 
39 1489 3741 3742 3743 3744 
32 48 
39 41 854 3745 3746 
39 41 155 255 3747 
38 39 371 1852 3748 
32 48 175 225 936 1355 3210 3450 3647 3680 3708 3749 
2 39 41 52 101 195 334 340 403 533 647 681 706 794 931 1370 1816 2118 2238 2265 2286 2793 2834 3750 3751 3752 
123 255 475 3549 
32 237 398 533 549 979 1229 1842 1926 2259 
39 48 2188 3753 
38 41 110 824 1727 
680 3754 
39 242 1966 3395 3573 
32 38 39 48 65 225 351 840 976 2343 3347 3755 3756 
9 38 39 48 60 61 89 484 604 651 652 764 791 915 1051 1312 1698 1831 1954 2756 2786 2804 3411 3495 3716 3757 3758 3759 3760 3761 3762 3763 3764 3765 3766 3767 3768 
49 271 338 1051 1055 1228 2674 2794 3368 
48 164 165 167 677 725 835 1099 1191 1440 1809 3412 3769 3770 3771 
32 38 39 41 48 197 228 269 270 390 533 535 956 970 1364 1484 1591 1600 1653 1980 2242 2486 3309 3483 3772 3773 3774 3775 3776 3777 3778 3779 3780 3781 
31 65 94 249 338 717 873 1144 1368 1468 1920 2115 2444 3475 3782 3783 3784 3785 3786 3787 3788 3789 3790 3791 3792 
38 39 48 269 371 1183 2370 
39 41 48 310 418 425 522 1057 2015 3793 
32 48 449 538 1233 1867 2365 2625 2634 2990 3794 3795 3796 
48 49 670 2151 3797 3798 
65 168 200 201 208 259 301 337 374 433 550 754 1013 1070 1233 1395 1659 1874 2053 2284 2473 2505 2528 2635 2662 3237 3259 3799 3800 
864 3801 
48 592 1144 3802 
19 39 48 89 308 510 592 740 1035 1198 1269 1379 3803 3804 
32 38 41 237 465 643 899 1023 1086 1285 1476 1538 2915 3805 3806 
39 242 422 617 924 1292 3231 3807 
39 48 49 65 251 475 1004 1524 2382 2415 3458 3638 3808 
626 2554 3347 3680 3809 
32 48 396 647 910 1034 2819 
3810 
39 
420 513 1808 1874 2965 3811 3812 
32 161 255 438 681 2710 3813 
39 41 151 178 855 1390 1425 
32 38 39 41 225 464 3814 
38 39 189 483 588 817 1332 1399 1516 1590 2243 2614 2618 3416 3815 3816 3817 3818 3819 3820 3821 3822 3823 
39 2547 3824 
38 39 47 48 89 461 974 1258 1625 2885 3452 
39 41 171 571 
39 41 2714 
41 3368 3465 3825 
39 270 271 2238 
39 41 349 968 1057 1697 1833 2506 3234 3826 
39 48 779 1060 2958 3827 3828 
32 48 110 271 349 432 976 2251 2919 
38 39 840 1240 1344 3829 3830 
41 381 475 2108 
274 495 694 1545 1841 
23 65 99 101 770 856 1808 1853 2052 2208 3521 3551 3831 3832 3833 3834 3835 
38 39 41 192 390 735 3836 
39 41 48 79 340 1121 1679 
38 39 41 65 390 705 2543 3837 
39 41 48 512 
32 48 237 277 795 1043 1384 1385 1870 2451 3049 3195 3547 3838 3839 
39 49 161 664 725 864 1070 1362 2820 3194 3840 3841 
32 359 716 1004 1293 1427 
39 310 488 592 833 1704 
48 101 449 690 2515 3842 3843 3844 
89 533 589 1327 2022 2176 2669 2966 3102 
38 39 48 110 310 2397 2997 3845 
39 48 78 1251 3735 3846 3847 3848 
38 39 41 48 110 278 656 855 
39 41 92 1019 1027 1051 1158 1318 1683 1781 1879 1981 2079 2425 2625 2634 2773 2776 2879 3131 3206 3412 3688 3849 3850 
38 39 41 237 861 1239 1849 1962 2108 2464 3851 3852 3853 3854 
694 3855 
648 1126 1182 1327 2366 2820 3080 3856 
39 41 126 3857 
39 48 381 502 2059 2710 
39 41 48 91 310 441 805 885 1138 2326 2633 3858 
41 48 1919 1939 2343 3859 3860 
52 195 237 265 348 1876 3343 3411 3510 3861 3862 
1656 3863 3864 
39 438 
39 41 374 483 3530 3865 3866 
39 1329 1681 1985 2180 3616 
39 319 1806 3867 
48 
664 740 787 1291 1314 2332 3063 3075 3299 3300 3447 
39 48 89 1963 2570 3102 
38 110 161 163 3868 
38 39 89 479 581 855 2512 2666 3259 3869 3870 
39 48 77 150 439 1327 3871 3872 
48 158 347 451 715 763 1198 1789 3486 3873 3874 3875 
39 41 48 763 1746 
0 9 379 413 475 558 581 880 1004 1024 1327 1591 1763 2131 2710 2819 2967 3876 3877 3878 3879 3880 
38 237 390 1428 1683 1817 1876 2709 3102 3881 3882 
39 41 48 255 278 1808 
39 41 48 65 78 89 718 1063 1113 1591 1748 3883 3884 
48 2537 3206 3885 3886 3887 
39 244 438 
32 38 39 48 155 357 466 939 983 1149 1150 1317 1338 1365 1989 2529 2620 2830 3036 3314 3396 3854 3876 3888 3889 3890 3891 3892 3893 3894 
39 1500 
39 48 201 279 783 1004 1715 2184 2399 2436 2900 3043 3895 3896 3897 3898 3899 3900 3901 
32 39 48 101 374 789 1479 3902 
39 48 147 237 246 264 338 433 535 1578 2621 3396 3570 
38 225 330 368 875 894 1475 3903 3904 
32 48 438 639 1969 3851 
39 41 48 95 293 1297 2103 2215 
32 39 41 407 855 896 1228 2012 2304 2747 3059 3493 3905 3906 3907 3908 3909 
89 3910 
2511 3911 3912 
1081 
488 1293 2127 3913 
235 1203 3914 
38 39 41 48 790 1031 3102 
32 36 38 39 1552 3192 3915 
39 48 155 549 589 1067 1128 3228 3916 3917 3918 
39 48 3919 3920 
9 39 41 48 586 715 734 855 939 1681 2365 2745 2802 3921 3922 3923 3924 3925 3926 3927 
39 1233 2528 3928 
39 48 1232 2043 3926 3929 
39 48 1938 2931 
1327 3072 3486 
39 41 48 275 549 783 921 2293 3476 3930 3931 3932 
48 64 123 179 572 1052 2445 3933 3934 3935 3936 
274 2046 3937 3938 
38 39 56 536 979 1393 2958 3036 3939 3940 3941 3942 
3943 3944 
76 
58 1674 2015 2212 3945 
38 39 41 48 147 255 390 1012 3946 3947 
856 1423 1689 1856 2963 3884 3948 3949 3950 3951 3952 
39 41 1807 2364 3154 3775 
38 110 1393 3953 
441 3028 3174 3954 
48 89 846 3955 
38 55 845 986 2728 2920 3956 3957 3958 
36 38 
39 48 483 957 1235 3521 3959 
39 41 89 272 402 488 592 1327 1421 1456 1634 1803 1934 2300 2943 3256 3960 
32 38 110 
39 504 1365 
39 156 536 1624 1715 3186 3961 
39 41 67 402 1135 3001 3962 
32 39 41 48 156 677 3159 3963 3964 
32 2351 3839 3965 
189 1198 1327 
36 38 39 41 48 103 220 237 352 757 1417 2199 2450 2661 2793 3782 3966 3967 3968 3969 3970 3971 
19 32 292 349 406 615 885 1066 1123 1126 1409 2714 2786 3553 3972 3973 3974 3975 
32 38 39 41 170 286 2592 
30 2479 3976 
48 94 1233 1715 1958 2269 2633 2990 2994 3924 3977 
39 48 94 117 408 418 490 544 976 2056 2091 2694 3678 3978 3979 3980 
2046 
220 578 813 824 1329 1702 2511 3598 3981 3982 3983 
38 39 41 48 147 621 689 866 1144 1404 1529 1714 2151 2458 2471 2997 3103 3323 3984 3985 3986 
55 
32 38 39 48 370 371 373 931 
32 3987 
32 39 48 79 223 232 1568 2425 2540 2749 3270 3988 3989 3990 
32 39 48 186 512 593 719 824 856 1132 1311 1393 1655 1866 2349 2398 2843 3268 3351 3419 3903 3991 3992 3993 3994 3995 
32 39 117 249 976 2741 
38 39 48 170 237 1121 1274 3996 3997 
123 264 291 1155 3998 
2374 2505 
39 48 1372 1578 2374 3384 3638 3999 
9 19 39 48 65 189 258 260 266 604 643 780 822 856 878 947 1123 1704 1867 2075 2741 2796 4000 
18 32 36 38 39 41 60 94 161 170 229 349 597 801 981 1024 1121 1179 1327 1372 1796 2374 2557 2633 2694 2990 3074 3308 3462 3693 3966 4001 4002 
35 563 702 852 1715 1741 3708 3840 3968 4003 4004 
39 1008 1198 1796 1917 1958 2390 2440 3074 4005 4006 4007 4008 
38 39 41 48 390 476 1180 1194 2354 2355 2867 2973 
38 39 48 342 371 1086 1198 2046 2138 2673 3659 4009 4010 
39 48 89 101 189 237 269 279 314 549 961 1576 2024 2080 
38 371 604 2749 3323 3988 4011 
39 1682 
39 60 604 721 801 902 2081 4012 4013 
39 83 479 596 1143 
39 48 301 616 1314 2353 
39 592 640 1578 1715 1918 2200 2325 2384 2473 2638 2976 3840 3886 4014 4015 4016 
39 103 137 178 350 420 783 3684 
179 596 1333 1352 2239 3224 4017 4018 4019 
89 189 793 2552 4020 
32 39 48 89 301 730 812 927 1011 1425 2263 2515 2692 2703 4021 4022 4023 4024 4025 
41 242 593 651 855 2079 2694 2759 3411 3462 4026 4027 
32 38 39 44 48 62 518 712 755 790 1135 1683 1809 2168 2958 3048 3347 4028 4029 4030 
39 48 79 271 278 604 1198 2325 2537 3262 3375 3547 4004 4031 
32 39 812 
39 41 48 51 60 102 589 2657 
48 103 147 438 3966 
32 349 1499 1543 2931 3195 4032 4033 
6 48 676 677 749 866 1121 1183 1250 1618 2118 2199 2449 2466 2947 2967 3715 4034 4035 4036 
39 147 476 690 706 981 1796 2006 2050 2633 3580 4037 
41 48 289 708 887 1239 1277 2633 2815 3636 4038 
270 950 1391 1954 2436 3735 4039 4040 4041 4042 
32 38 39 48 65 371 476 788 929 1748 2708 
39 48 749 1652 4043 
48 304 359 397 449 741 743 864 1176 1222 1568 1914 2958 3159 3235 3883 4044 4045 
19 32 352 1073 1233 1765 2998 3240 
9 19 39 48 258 418 475 596 856 1789 1899 3361 4046 
21 37 38 39 79 615 730 731 739 1004 1393 1711 1878 2159 2833 3448 3520 4047 4048 
1270 
39 41 225 260 326 1082 1344 1552 3779 4049 4050 4051 4052 4053 
18 23 39 41 48 60 94 185 192 352 408 413 604 751 805 1279 1372 1488 2532 2971 2987 4054 4055 
475 1404 2033 4056 
32 39 250 749 1738 2856 3570 
39 256 589 783 1327 1599 2256 2788 4057 4058 
38 39 170 903 1043 1463 1464 
32 48 151 2096 3678 4059 4060 
89 1469 
39 48 189 257 604 783 812 947 1121 1194 1349 1560 2225 3459 4061 4062 
789 822 1446 1476 1715 2284 2362 2629 2633 2693 2694 2890 2963 2966 3102 3855 4063 4064 4065 4066 4067 4068 4069 4070 4071 4072 
38 48 286 433 606 1610 1696 1743 2029 2379 2721 3065 4073 4074 
32 48 60 189 560 1961 2108 3169 3270 3604 3859 4075 4076 
831 899 2624 4026 4077 
155 272 604 1062 1227 2186 4078 
41 48 185 338 439 991 1182 2154 3279 3714 4079 4080 
39 48 1655 2051 3161 3964 4081 
37 38 39 48 104 408 910 1481 3349 3774 
27 32 39 48 150 349 397 413 438 444 468 649 793 1014 1260 1340 1392 1535 1762 1763 2154 2212 2772 2894 3866 4082 4083 4084 4085 4086 4087 4088 4089 4090 4091 4092 
39 48 50 60 137 402 783 916 2310 2656 2847 3940 
39 272 301 1333 
32 39 48 137 147 229 468 2633 2894 3772 3945 4093 4094 4095 4096 4097 
413 749 846 1659 
39 48 65 543 808 1027 1410 
32 39 48 66 225 812 1121 4098 
438 3638 
48 50 117 647 976 1505 4099 4100 
9 39 48 168 255 318 479 571 628 805 870 1264 1596 1638 1763 1842 1877 1954 2327 2445 2556 2635 2990 3025 3682 3759 3994 4015 4026 4039 4051 4101 4102 4103 4104 4105 4106 4107 4108 
438 1796 2266 2362 3074 3347 3463 3664 4031 4107 
18 19 30 39 41 48 856 1039 2910 3013 3170 
39 48 95 101 201 340 345 522 533 651 874 947 1013 1349 2118 2306 2907 3161 3276 3437 3756 3774 3979 4109 4110 4111 4112 4113 
38 371 
39 41 48 765 1135 1207 1277 1859 1952 2741 3270 4011 
48 185 1699 2199 2947 3458 4114 4115 4116 
39 1327 4117 4118 
7 48 65 101 255 279 567 1417 1430 2440 2633 2786 3541 3867 4119 
38 170 1070 1568 2217 2443 4120 
308 309 349 413 1072 1079 1080 1269 1342 1378 1379 1380 1594 1822 2434 2769 3160 3724 4121 4122 4123 4124 4125 4126 4127 
853 1189 4128 
32 39 179 301 491 1867 
39 48 60 272 340 589 1771 1911 2931 3946 4129 
39 2471 3638 
60 79 271 438 479 950 952 1743 1997 2374 4130 4131 
704 1062 1145 1595 1767 2511 2741 2777 4132 
38 39 41 286 4133 
255 261 338 1702 1783 4134 4135 4136 
269 1000 2140 2676 4056 4137 4138 
32 39 48 246 3272 
793 1568 
4052 4139 
41 48 89 101 201 246 439 674 824 831 1082 1099 1715 1874 1930 2006 2187 2239 2329 2424 2800 3174 3364 4140 4141 4142 4143 4144 
32 48 1138 2384 4099 
11 39 41 48 65 339 475 1144 2383 4145 4146 
147 229 251 413 464 720 749 973 1004 1124 1287 1440 1763 2168 2188 2383 3185 3194 3272 3307 3677 4147 4148 4149 
39 41 48 112 113 662 940 1841 2559 3300 4026 4033 4150 4151 4152 4153 4154 4155 
32 39 41 48 50 514 783 1684 1685 1715 1752 2638 3080 3323 3638 3856 
39 48 67 94 445 981 1372 1796 1872 3074 3662 3663 3664 4013 4156 
38 39 41 110 370 
38 48 50 56 150 161 281 332 381 451 511 806 947 1234 1344 2350 2537 2749 3462 4157 4158 
48 60 604 986 1123 1232 1867 2815 3400 3462 4026 4159 
39 41 48 483 740 1680 1681 1882 1911 
32 48 60 522 734 936 937 1081 1121 1323 4160 4161 4162 4163 4164 4165 
179 301 468 861 1404 1618 3802 4026 4166 4167 
39 4168 4169 
39 41 48 65 441 1196 2297 2374 
39 41 48 185 229 299 391 622 660 783 809 849 1024 1321 1557 1564 1569 1722 1765 2254 3442 3693 4170 4171 4172 4173 4174 4175 4176 4177 4178 
10 36 38 39 41 48 110 156 329 330 641 1590 2164 2273 2805 3242 4179 4180 4181 4182 
32 48 
1327 
39 464 2383 
209 4183 
39 41 48 60 170 536 706 1054 1081 1715 2117 2191 2894 3270 3417 3638 4184 4185 4186 
604 4187 
39 189 2305 
39 41 352 860 981 2269 3074 3663 3664 
237 589 1638 2186 2411 3279 3966 4123 4188 
39 41 48 264 740 1244 
189 352 591 1121 2813 3290 4111 4189 
41 179 762 789 856 1682 2685 2792 3156 4094 4190 4191 4192 4193 4194 4195 4196 
1408 3015 
48 2714 3411 4096 
83 1132 1137 4197 4198 
39 48 237 547 681 2468 3270 4170 4199 4200 
5 486 783 843 918 1327 1599 2118 2294 2413 2801 2949 2990 2994 3120 3354 3641 3693 3801 3921 4201 4202 
39 589 597 3680 3827 4203 
9 48 189 352 402 445 910 1052 1123 1198 1295 1814 2413 2441 2633 2786 3047 3245 4204 4205 4206 4207 
38 39 170 2777 
38 48 55 476 2714 4026 
476 1214 1354 2749 
38 110 1432 
39 290 374 783 1013 1121 1437 1708 1779 2268 2714 2847 
39 55 110 476 1783 3903 4208 
3347 3548 
74 101 420 2050 2399 2559 2623 2874 3631 3840 4209 
48 67 68 170 801 1393 1489 1783 1814 
32 365 677 772 1196 1404 1867 3724 
32 41 271 766 2250 3284 3966 4204 4210 4211 4212 4213 
38 39 41 55 286 1327 1905 3291 4214 
48 65 136 549 610 611 913 961 1715 2761 3706 3800 3840 4215 
1288 4216 4217 
32 39 846 
10 32 39 48 1886 2383 2799 4218 
39 41 48 310 
48 3561 
5 39 41 413 1557 2212 2417 3683 
39 374 425 520 536 704 4219 4220 4221 4222 4223 4224 
604 1244 1768 2038 2440 2988 3161 3966 4225 4226 
39 90 449 2026 3148 3291 3993 
2 32 39 310 402 438 1233 4227 4228 
32 39 48 438 824 856 2274 2920 3460 4229 4230 
39 161 604 
32 90 240 279 758 952 1062 1121 1503 2106 3148 3195 3294 3347 3778 4231 4232 
48 95 4233 
36 38 39 243 245 406 470 1174 2952 
39 48 68 
41 104 749 929 1540 2874 3571 4149 
38 170 536 1199 2404 2994 3549 
2654 3347 
38 41 47 48 86 861 925 1327 1872 
36 38 41 579 837 1185 1308 1315 1395 1497 1568 2617 3167 3531 4234 
39 41 48 147 237 242 255 475 549 739 909 1043 1670 3569 4235 4236 
27 31 269 340 812 887 1220 1327 1588 
39 48 389 4024 
32 39 41 48 186 220 225 270 349 438 478 549 757 772 783 943 1363 1423 1678 1767 1870 2118 2238 2250 3250 3689 4237 4238 4239 4240 
11 39 207 225 247 399 438 589 604 1312 1715 3384 3730 4241 4242 
2784 3754 4243 
39 48 127 178 225 365 414 476 2310 2694 2714 2947 3019 3195 4026 4244 4245 
637 3234 
38 39 41 476 825 2449 2779 2832 3904 4162 4246 4247 4248 
139 349 2424 
41 48 86 229 681 696 699 855 1866 3029 4249 4250 
32 39 41 48 340 1196 2199 2501 
39 48 
407 440 733 799 924 973 1027 1085 1086 1199 1659 1661 1766 1779 2820 2947 2996 3028 3383 4056 4113 4251 
38 41 48 286 1372 3268 4252 
39 60 1659 2225 3837 4099 4127 4188 
32 38 39 41 48 56 79 340 846 1282 1425 3276 
39 45 48 59 108 123 458 491 533 548 570 659 878 896 988 989 1049 1067 2039 2884 3314 3493 3996 4245 4253 4254 
38 39 48 225 536 604 1214 1327 3005 4111 
39 48 94 567 976 1121 1956 2355 3486 4221 4255 
39 846 2065 4256 4257 
338 539 824 4258 
48 49 4256 4259 4260 
48 189 1233 2002 2355 3486 4261 4262 4263 
0 5 32 39 41 48 101 225 513 514 616 845 911 1013 1082 1314 1768 1854 1976 2238 2879 2897 3000 4143 4264 4265 4266 4267 4268 
66 94 123 476 570 1113 1859 1872 2413 2694 2856 3735 3848 3867 4096 4269 
30 39 571 995 1194 4270 4271 
11 48 60 408 652 704 823 1283 1624 2141 2440 2709 2836 3510 3577 4272 4273 4274 4275 4276 
39 284 379 776 947 2227 4277 4278 
39 48 111 853 3594 4279 
39 41 89 175 589 681 912 1242 
31 48 381 493 684 812 1616 1701 1715 1872 2117 2365 2710 2833 2992 3006 3291 3548 3583 4280 4281 4282 
32 48 952 1479 2250 3633 4283 4284 
39 275 310 2021 4027 4285 4286 
18 32 39 143 293 652 749 1293 1803 2628 2793 2943 2994 3547 3735 4036 4060 4287 4288 4289 
36 38 110 4290 4291 
39 48 60 3043 
525 861 1253 1625 2418 2550 2559 2847 2990 2998 3735 3917 3977 4035 4292 
21 41 45 48 165 167 424 548 682 798 1704 2161 2603 2741 2785 
39 282 1129 1327 1833 2984 3215 3316 4144 4225 4293 
117 976 4115 4294 4295 
48 95 379 783 3884 
48 58 508 772 1091 1360 1486 1772 2876 3619 4296 4297 
39 48 539 677 991 1072 1214 1536 
32 38 39 48 101 185 319 320 371 558 763 984 1994 2604 2623 3314 4298 4299 4300 
15 39 41 48 86 116 176 200 807 1282 1294 1368 1372 1689 2250 2886 3172 3291 4038 
258 604 1741 3507 
41 374 420 771 1585 1842 2201 2430 2561 
39 139 1041 1327 1540 2092 2593 2714 3548 3827 
39 48 438 910 1404 2973 
189 626 2894 3638 
32 301 1198 2058 3317 3754 4301 
32 
39 41 272 301 402 1145 1184 1361 1433 2443 3121 
36 38 150 170 310 1344 1845 1986 3799 4302 4303 
48 250 970 3276 4304 
48 2117 
32 36 38 48 56 677 681 1044 2782 3759 
32 39 41 62 65 408 548 563 695 704 910 939 956 1242 1600 1704 2147 2423 2990 3117 3412 3487 3735 4305 4306 4307 4308 4309 4310 
38 39 110 478 840 1126 1600 2344 2624 2749 
41 48 270 837 1144 1566 1853 2297 2354 3599 3696 3724 
39 48 
38 39 48 105 184 222 675 1733 3573 4000 
2 39 48 89 420 506 970 3541 4302 
32 39 41 48 91 308 309 345 352 385 479 498 542 1080 1229 1269 1344 1378 1379 1380 1738 1778 2267 2408 2464 2503 3010 3461 3641 4257 4278 4311 4312 4313 4314 4315 4316 4317 
39 41 189 1327 1789 2344 4099 
738 2219 2519 2559 4245 4318 4319 
39 185 643 1124 1132 1715 1809 3966 3992 4198 
264 1132 3013 3793 4197 4320 
39 1697 1923 2233 2519 2564 2673 2893 3735 4321 4322 
38 41 133 249 370 1144 1214 1344 2523 3987 4323 4324 
62 96 557 749 1004 1016 1017 1139 1517 2780 3488 4010 4113 4325 4326 4327 4328 
39 41 
32 39 1034 1121 1391 2164 4329 4330 
32 39 48 636 1731 3900 
39 145 1469 2613 
23 604 1327 2286 3015 4331 4332 4333 4334 
24 31 32 39 41 48 94 189 310 334 640 783 795 812 915 1473 1593 1715 1740 1814 1818 1819 1956 1972 2064 2164 2284 2550 2694 2815 2883 3311 3411 3677 3980 4105 4195 4285 4335 4336 4337 4338 4339 4340 
39 48 604 3981 
39 41 604 846 1121 1598 
39 48 60 95 118 189 418 486 943 1013 1525 1597 1715 1787 1972 2772 3160 4341 4342 4343 
39 227 4344 
32 48 4013 4156 4345 
10 595 1715 
299 331 332 448 528 749 984 1056 1227 3411 3462 4002 4026 4286 4346 4347 4348 4349 4350 4351 4352 4353 4354 
48 1715 1886 3074 3411 4002 4345 
32 38 41 65 170 2238 2392 2624 2638 3047 3671 4355 4356 
67 68 135 325 690 762 861 1859 2893 3319 3412 4106 4238 4357 4358 4359 
15 32 38 39 41 170 589 2254 2284 4360 4361 
32 39 51 60 297 383 544 639 877 1715 1787 2233 2895 3189 4362 
2 11 39 48 479 1327 2840 
32 41 660 1307 2990 3735 3977 
9 48 185 232 310 1668 1739 1763 2164 2958 3848 4363 
38 39 41 1529 1715 2325 2976 
39 48 117 168 254 592 597 2134 2353 2669 2855 4064 4364 4365 
38 41 110 424 
36 38 39 41 260 677 3966 4366 
39 41 959 1569 1578 2182 
36 38 39 48 201 211 249 490 500 785 899 2642 3998 4367 4368 4369 4370 
39 41 48 201 269 285 426 434 465 723 1393 1484 1685 1859 2795 3080 3179 3316 3615 3715 4260 4371 4372 4373 4374 4375 4376 4377 4378 4379 4380 
39 365 2225 4381 4382 
32 48 310 
89 1131 2775 4131 4383 
39 161 598 1143 
703 1121 4384 
39 645 1393 
39 48 260 522 1113 1174 2822 3604 4385 
48 60 246 301 592 684 696 1312 1713 1914 3195 
11 30 39 41 65 89 96 352 475 1019 1557 1748 1899 2025 3077 3686 3766 3939 4386 4387 4388 
38 39 48 105 271 2238 
39 48 220 237 365 402 1121 1579 3966 4389 
39 41 48 147 389 592 774 1628 2281 
1034 1337 1344 2225 4353 4390 
39 48 60 94 749 869 981 1146 1372 1796 1958 
60 110 237 420 2091 
2784 4391 
30 39 129 1019 1791 2375 2395 2505 3503 4392 4393 4394 
38 39 50 95 105 111 185 270 438 547 549 1126 1448 1593 1744 2004 2555 2638 2749 3279 3866 4395 4396 
32 38 110 
31 38 39 41 170 310 342 410 420 597 751 956 1756 2110 2822 3952 4323 4397 4398 4399 4400 4401 
475 846 1066 1571 2071 2866 
48 
41 48 438 
39 259 310 4278 4402 
39 475 1578 3226 3250 3384 
39 48 1596 
136 740 822 1083 2242 2836 2930 2942 3070 3531 4403 
48 156 789 1121 1776 2919 3598 4404 
39 225 1131 1214 1659 1951 4405 4406 
32 39 95 107 108 379 760 772 961 1135 2998 3060 3088 3966 4407 4408 
32 39 41 1018 1034 2541 3223 4409 
32 39 41 48 102 157 270 383 475 522 591 592 677 1000 1004 1234 1629 2080 2109 2329 2354 2355 2490 2573 3008 3113 3293 4410 4411 
32 39 48 
32 39 213 
32 38 48 242 536 734 840 1046 1121 1191 1220 1343 1498 1535 1767 2110 2225 2383 4030 4169 4394 4412 4413 4414 4415 
38 257 2515 2516 3026 3097 4416 4417 4418 
39 48 101 475 824 846 1214 1295 1796 2749 2902 3411 4419 4420 
39 1671 1796 3462 3886 4421 
39 79 115 186 351 511 1026 1577 1934 2014 2114 2432 4249 4422 
39 79 690 2413 2907 3392 4393 4423 4424 4425 
39 48 465 479 749 783 2187 
38 170 1214 4426 
32 38 39 48 1344 1393 1404 1593 1727 1947 2384 3854 4047 4130 4427 4428 
39 48 749 1015 1568 1624 2374 4113 4429 4430 4431 4432 
39 48 209 310 3102 
32 38 39 170 175 270 548 790 1683 4433 
32 39 41 48 147 237 694 1048 1055 1135 1145 1436 1552 1696 1741 2058 2106 2539 3565 4434 
32 39 48 160 592 910 930 1669 1996 3783 4435 
32 38 39 170 225 
41 54 402 653 1327 2310 2468 3477 4436 
39 310 374 522 1417 1715 2469 2561 4111 
39 2138 3405 4437 
39 48 806 3623 4438 
39 94 740 1233 1368 
39 885 1771 4439 
32 41 48 53 147 261 677 1063 1600 2365 3723 3799 4440 4441 4442 
32 39 48 1853 3573 4344 4443 
41 60 271 854 956 1497 2168 4444 4445 
38 39 41 110 
38 39 41 48 170 570 2801 
39 68 147 208 1082 3126 3236 4446 
38 39 110 317 504 505 1652 2659 4447 
301 922 3845 
50 1121 4448 
39 2186 
147 179 317 589 1327 1920 2212 2830 3274 4072 4224 4449 
665 3391 4450 4451 
48 824 2413 
468 588 1968 2664 4172 4452 4453 4454 4455 4456 
32 
39 151 152 211 910 956 1010 3730 4141 
749 2424 2673 2990 3977 
39 41 48 604 1710 1805 2633 2951 3638 3644 4096 4100 4457 4458 4459 
312 483 797 1153 1154 1384 1385 1869 2797 4460 
39 41 48 93 2388 3709 
3073 3173 4461 
38 48 504 1051 1146 2598 2741 2774 2880 3080 3735 4462 4463 
48 117 1048 2362 3393 3581 3659 3710 3981 
39 50 374 599 1748 2990 3735 4429 4464 4465 
171 1327 1641 2108 2528 2867 2988 3160 3850 3981 4466 4467 4468 
36 38 39 41 48 113 193 297 522 571 710 993 1854 2249 2259 2389 3291 3590 4300 4469 4470 
36 38 39 48 390 475 703 
19 39 60 677 979 1578 1916 2227 2249 2847 3253 3291 3644 
36 38 39 41 1293 1361 
38 39 102 170 1121 2186 2599 4011 
32 48 256 381 438 1568 1631 2034 2613 2990 3270 3680 3735 4471 
32 846 861 1783 2608 2764 2938 3501 3638 4161 4430 4472 4473 
4080 4474 
522 789 1388 1715 2151 3711 3751 3913 4475 4476 4477 4478 
38 170 
2332 4479 4480 
41 396 780 1082 4481 4482 
48 2749 4018 
32 39 903 2948 3195 3548 4483 
2764 4269 4484 
39 41 675 749 1013 1203 1219 1244 1267 1938 2927 3074 3827 4485 4486 
39 48 60 123 201 543 827 865 1132 2399 2515 2714 2767 3273 3358 3992 4124 4198 4487 4488 
39 48 261 438 604 894 1692 3981 
39 48 
39 48 476 2413 3148 3966 4155 4489 4490 
660 4491 4492 
70 249 477 486 563 689 1064 1263 1454 1911 2702 2734 3533 4195 4444 4493 4494 4495 4496 4497 4498 4499 
48 476 1121 
60 476 1411 1715 2212 
32 41 48 111 425 856 2091 2325 2453 2521 2977 3228 4161 4430 4500 4501 
39 60 125 604 1233 1765 2515 2633 2694 2852 2853 2874 2943 3186 3553 3788 4209 4502 4503 
32 39 48 749 1046 2064 2990 4504 
4366 4505 
48 591 4162 
32 48 1171 4506 4507 
161 1588 3992 4018 4198 
32 39 4072 
39 546 874 1806 1890 2802 4508 4509 
344 783 940 1120 1158 1233 1653 1765 1811 3079 3227 3504 4510 4511 4512 4513 
32 39 48 89 397 449 1587 
39 48 92 1198 2965 4190 
39 237 314 460 1192 1588 1652 3446 4153 4514 4515 
39 166 167 442 763 1273 1966 3383 4080 4516 
39 89 1348 2099 2511 2759 
39 48 837 1080 2126 2622 2990 2997 3053 3795 
48 71 4286 4517 
11 39 48 95 117 156 249 310 407 421 851 856 861 961 1198 1257 1282 1329 1336 1867 1934 2030 2078 2097 2431 2514 2599 2661 2830 3321 3462 3632 4055 4067 4281 4307 4518 4519 4520 4521 4522 4523 4524 4525 
39 41 48 4445 
39 48 89 117 242 352 426 1659 1787 1956 2445 2612 3098 3852 4526 4527 4528 4529 4530 4531 4532 4533 
39 48 78 229 367 407 810 854 1877 1909 2126 2994 3411 3735 4534 4535 4536 4537 
38 39 41 47 592 740 906 1145 1740 2059 2592 3903 4105 4538 
2 18 26 32 36 38 206 249 467 481 533 833 1044 1214 1327 1479 1481 2990 3762 3988 4539 
39 225 771 1004 1520 1640 1704 2851 4540 4541 4542 4543 
52 189 1546 3020 3966 
38 39 41 48 2170 2736 3005 4544 4545 
32 39 48 101 189 271 522 604 1180 1349 1739 1814 2091 2187 2793 4546 
39 48 60 1415 2667 4547 4548 
39 48 1318 2337 3946 
38 39 41 48 170 249 905 1112 4013 4549 
23 38 39 41 48 170 718 2633 
39 48 1121 1123 2673 2737 2988 3539 4048 4096 4550 
0 32 48 147 414 488 522 553 778 798 824 988 1048 1278 1371 1589 1782 1809 1924 2598 2599 2764 2987 3240 4080 4270 4551 4552 4553 4554 
39 41 48 236 237 566 598 1210 1344 1435 1476 1714 1919 2184 2723 2746 3495 3504 4091 4294 4555 4556 4557 
0 32 155 237 396 1280 4558 4559 
39 2749 3988 4011 
36 38 39 41 604 
39 41 48 80 111 163 185 267 1344 2505 2673 2848 3270 3891 4094 4193 4560 
39 41 48 461 2775 4561 
48 60 604 2492 2538 2638 3119 3966 4562 4563 
37 38 4564 
39 48 89 237 240 475 950 1362 2951 4382 4565 4566 
48 2747 3493 3494 3907 4567 4568 
195 612 615 783 1051 1243 1618 1625 2167 2550 2965 2990 2994 3173 3186 3735 4415 4569 
39 41 83 
41 48 65 430 592 1004 1739 1783 2559 2990 3409 3501 3693 3774 4202 4236 4570 4571 4572 
39 179 246 592 1911 2064 2245 3740 4357 4573 
39 267 278 782 967 3411 3759 4158 4574 4575 4576 4577 4578 
41 48 1344 1561 3053 4579 
39 101 147 408 423 669 2550 
41 48 783 1308 
32 65 1214 2054 2080 2398 3078 3838 3994 3995 
18 60 62 119 301 533 660 1315 2212 4037 4269 
32 48 352 421 468 1715 2186 2266 3840 4107 4580 
48 3569 
60 272 299 589 598 604 702 783 841 935 1121 2187 2271 2436 2770 2793 2929 4581 4582 
39 48 604 981 1180 1349 1368 1670 1715 1796 2269 3323 3586 3840 4525 4583 
38 39 41 48 94 105 281 540 846 1089 1214 1381 1403 2473 2852 2990 3313 3578 4584 
48 195 206 535 1065 1328 3274 3436 3708 3815 4585 4586 
39 48 89 785 984 2259 2796 
38 39 41 170 862 1475 2018 2443 3045 4229 4587 4588 
535 1121 1901 1958 3179 3668 3891 4005 
39 48 89 101 340 374 479 525 616 925 978 995 1052 1198 1249 1293 1461 1625 1635 1659 1715 1856 1964 2010 2054 2216 2250 2397 3323 3666 3840 4188 4422 4573 4589 4590 4591 4592 4593 4594 4595 4596 
39 41 60 604 749 785 855 1121 1146 1384 1385 1696 2775 2793 2961 3259 4597 4598 4599 4600 
32 39 189 375 414 438 571 1393 2297 4111 4601 4602 
39 48 438 495 3054 4603 
39 41 352 555 661 697 1252 2998 
1942 4604 
237 2065 2294 3148 3459 4096 4605 
38 39 310 488 1327 1590 1715 1765 1834 2266 2325 4064 4606 4607 
41 48 269 592 716 1071 1501 1562 1780 1861 2049 2115 2527 3168 3677 4057 4350 4608 4609 4610 
210 592 
39 48 116 126 175 349 442 475 660 1124 1397 1767 1803 2540 2990 2991 3028 3503 3827 4611 
48 66 179 251 1368 3735 4287 4448 
39 41 52 147 492 941 1537 3504 
39 48 65 336 439 535 1010 1103 1976 2031 3434 3742 4612 
41 249 749 861 1144 4127 4166 4562 
1035 1132 1542 1741 1986 3094 3950 3992 4198 4613 4614 4615 
39 48 1561 3973 
23 39 41 
60 71 402 682 792 904 1779 2492 2764 3194 3354 3642 3874 4057 
36 38 48 110 244 
96 522 536 677 679 844 973 1624 1634 1715 2191 2446 2894 3514 3761 4214 
32 41 275 304 328 1187 2386 3678 4169 4616 4617 4618 4619 
32 39 48 
39 48 60 334 571 740 1062 1266 2694 2780 3182 3411 3547 3739 3759 4620 
38 48 110 170 570 855 1113 1714 2761 4621 4622 4623 
48 739 1652 1736 3034 3645 4624 4625 4626 4627 
1264 1368 4628 
39 2022 3343 3888 4629 
39 50 65 201 348 535 571 1547 2123 2425 2692 3270 4054 4630 4631 4632 4633 
38 39 41 48 694 1020 1831 1938 3618 4634 4635 
39 48 3966 4119 4636 
38 39 170 446 790 2879 2990 2994 3250 3270 3735 4637 
22 39 48 53 59 123 827 1121 1540 2191 2856 4632 4638 4639 
32 38 39 41 48 54 105 392 751 974 975 1184 1316 1446 1625 1765 1976 2325 2395 2720 3059 3463 3494 3774 4567 4640 4641 
4642 4643 
32 3486 3981 4644 4645 
39 893 
39 3505 
41 48 81 207 379 442 494 581 616 715 723 956 976 1249 1518 1640 2080 2137 2159 2392 2546 2868 3371 4307 4374 4419 4646 4647 4648 4649 4650 
39 94 352 1372 1715 1740 1859 2374 2425 2786 3074 3539 3663 3664 3840 4107 4371 4651 
1130 1153 1154 3259 
39 255 1789 3102 3173 4652 
2 94 598 1481 1600 2552 4653 4654 
39 41 
39 41 48 1113 2182 2334 2701 2764 3321 3353 3850 3886 3979 4137 4142 4655 
39 703 749 4117 4656 
16 39 48 1433 3347 4657 
23 39 48 591 811 1128 1349 2983 
38 39 155 246 281 352 1859 1951 2199 
984 1661 1796 2249 3644 
44 76 155 195 533 612 781 927 1600 1779 1937 2141 2245 2262 2487 2528 2907 3038 3086 3109 3161 3280 3347 3547 3569 3609 3641 3878 4036 4037 4143 4292 4597 4658 4659 4660 4661 4662 4663 4664 
39 48 60 1313 4037 4269 4665 4666 
32 1489 3548 4056 4667 4668 
39 494 612 664 893 954 1013 1391 1490 1572 2068 2509 2693 2958 3074 3155 3662 3663 3913 4538 4669 4670 4671 4672 4673 4674 4675 4676 4677 4678 4679 4680 4681 
32 39 48 677 1920 2054 2580 2611 2747 2775 2958 3526 4457 4682 4683 4684 
48 59 161 573 707 713 986 989 1267 1631 2062 2617 3992 4019 4208 4464 4685 4686 
225 924 1742 3663 
39 
39 49 71 107 1067 3309 4687 4688 4689 4690 
166 2084 2481 4617 4686 4691 4692 4693 
39 48 941 4694 
39 48 1739 
48 1659 4105 4695 
39 291 560 740 3724 4696 4697 
39 48 1966 
32 41 48 529 2267 3965 4698 
39 48 49 414 451 543 544 689 984 1315 1444 1715 1804 1930 2103 2188 2374 2659 2953 3321 3552 4113 4251 4386 4699 4700 4701 4702 
19 39 352 778 874 970 1342 2633 2714 3942 4238 
39 48 2168 2370 4703 
39 48 4704 4705 
23 39 41 48 60 89 114 161 384 604 749 1061 1344 1808 2150 2413 2492 2592 2749 2793 3763 3966 3970 4124 4706 
38 48 170 740 2793 2798 4707 4708 
48 796 1156 1870 4709 4710 
48 846 1624 2492 2990 3693 3735 
4711 4712 
39 41 48 237 1489 1513 4156 
32 39 255 604 1214 3308 4713 
76 406 433 538 584 879 892 1280 1425 1595 1769 1786 1905 1909 2032 2147 2171 2325 2471 2524 2544 2555 2919 3179 3270 3316 3458 3598 4162 4208 4714 4715 
39 4048 
32 39 48 123 423 592 738 749 824 1642 2399 2702 3218 3553 3987 4716 4717 
38 41 48 89 170 260 536 604 1146 1600 2793 3373 4111 4160 4718 4719 
32 48 749 846 1214 1327 1536 3358 4720 
38 41 48 110 1192 2384 2552 4272 4721 
32 39 48 66 94 152 741 742 743 981 1796 1914 2388 2413 3278 3358 4072 4140 4657 4722 4723 
89 426 1194 1513 1664 2239 3192 3195 3250 3304 4724 4725 4726 4727 4728 4729 
39 48 53 60 65 89 181 195 255 256 260 326 399 414 422 481 521 772 924 1080 1121 1184 1198 1232 1233 1312 1378 1380 1429 1715 2184 2492 2601 2626 2633 2876 2879 2987 3502 3565 3642 3710 3782 3796 3913 4265 4493 4626 4730 4731 4732 4733 4734 4735 4736 4737 4738 
39 796 865 1002 1156 1533 1534 1807 2320 2525 2652 3135 3545 3690 4739 4740 4741 
2193 
18 92 94 176 208 338 438 728 797 846 878 913 1153 1154 1214 1872 2741 2834 2907 3151 3715 4075 4113 4256 4357 4742 4743 4744 
39 41 438 604 697 1104 2097 2146 4745 4746 
9 48 96 338 454 479 856 1925 2822 4747 
41 420 846 852 1360 1393 2495 
48 65 89 1194 2106 
352 1715 2916 3028 4107 
39 48 1574 1624 1859 4374 
375 675 931 979 1568 2633 3462 
32 36 38 39 
32 39 1029 4748 
39 41 48 2238 3022 3025 4538 4749 4750 4751 
32 36 38 39 41 48 374 522 737 1296 2168 3840 
32 39 48 94 225 301 570 1096 1214 1368 1715 1765 2741 4067 4486 4752 4753 
48 503 1468 2267 2399 2740 3942 4754 
122 179 310 421 426 444 531 625 860 874 918 1158 1402 1425 1494 1589 1800 2407 3558 4080 4207 4755 4756 4757 4758 4759 4760 4761 4762 4763 4764 
310 374 1113 1404 2847 4765 
604 1121 1123 1791 2054 2900 3224 4392 4755 4766 4767 
39 48 171 1239 1956 2133 3299 4768 
39 60 78 543 1408 1677 2150 
39 48 89 123 186 250 260 522 788 916 1322 1853 2515 2610 2815 2990 2994 3323 3693 3735 3977 4160 4430 4624 4769 4770 4771 
32 41 48 270 352 795 1107 1631 1739 4340 4448 
39 89 242 249 260 310 1480 1912 2186 2351 
36 41 1112 1628 
39 1840 4772 
39 1257 4773 
39 45 79 232 681 4774 